-8323046661554716779 [14, 49, 84, 119, 154, 189, 224, 259, 294, 329, 364, 399, 434, 469, 504, 539, 574, 609, 644, 679, 714, 749, 784, 819, 854, 889, 924, 959, 994, 1029, 1064, 1099, 1134, 1169, 1204, 1239, 1274, 1309, 1344, 1379, 1414, 1449, 1484, 1519, 1554, 1589, 1624, 1659, 1694, 1729, 1764, 1799, 1834, 1869, 1904, 1939, 1974]
7946802465683828844 [15, 50, 85, 120, 155, 190, 225, 260, 295, 330, 365, 400, 435, 470, 505, 540, 575, 610, 645, 680, 715, 750, 785, 820, 855, 890, 925, 960, 995, 1030, 1065, 1100, 1135, 1170, 1205, 1240, 1275, 1310, 1345, 1380, 1415, 1450, 1485, 1520, 1555, 1590, 1625, 1660, 1695, 1730, 1765, 1800, 1835, 1870, 1905, 1940, 1975]
6699509122254557792 [16, 51, 86, 121, 156, 191, 226, 261, 296, 331, 366, 401, 436, 471, 506, 541, 576, 611, 646, 681, 716, 751, 786, 821, 856, 891, 926, 961, 996, 1031, 1066, 1101, 1136, 1171, 1206, 1241, 1276, 1311, 1346, 1381, 1416, 1451, 1486, 1521, 1556, 1591, 1626, 1661, 1696, 1731, 1766, 1801, 1836, 1871, 1906, 1941, 1976]
-3598161183075284846 [17, 52, 87, 122, 157, 192, 227, 262, 297, 332, 367, 402, 437, 472, 507, 542, 577, 612, 647, 682, 717, 752, 787, 822, 857, 892, 927, 962, 997, 1032, 1067, 1102, 1137, 1172, 1207, 1242, 1277, 1312, 1347, 1382, 1417, 1452, 1487, 1522, 1557, 1592, 1627, 1662, 1697, 1732, 1767, 1802, 1837, 1872, 1907, 1942, 1977]
1355888928695408700 [18, 53, 88, 123, 158, 193, 228, 263, 298, 333, 368, 403, 438, 473, 508, 543, 578, 613, 648, 683, 718, 753, 788, 823, 858, 893, 928, 963, 998, 1033, 1068, 1103, 1138, 1173, 1208, 1243, 1278, 1313, 1348, 1383, 1418, 1453, 1488, 1523, 1558, 1593, 1628, 1663, 1698, 1733, 1768, 1803, 1838, 1873, 1908, 1943, 1978]
-7395913628881428461 [19, 54, 89, 124, 159, 194, 229, 264, 299, 334, 369, 404, 439, 474, 509, 544, 579, 614, 649, 684, 719, 754, 789, 824, 859, 894, 929, 964, 999, 1034, 1069, 1104, 1139, 1174, 1209, 1244, 1279, 1314, 1349, 1384, 1419, 1454, 1489, 1524, 1559, 1594, 1629, 1664, 1699, 1734, 1769, 1804, 1839, 1874, 1909, 1944, 1979]
7666976589932354527 [20, 55, 90, 125, 160, 195, 230, 265, 300, 335, 370, 405, 440, 475, 510, 545, 580, 615, 650, 685, 720, 755, 790, 825, 860, 895, 930, 965, 1000, 1035, 1070, 1105, 1140, 1175, 1210, 1245, 1280, 1315, 1350, 1385, 1420, 1455, 1490, 1525, 1560, 1595, 1630, 1665, 1700, 1735, 1770, 1805, 1840, 1875, 1910, 1945, 1980]
1426510842571642367 [21, 56, 91, 126, 161, 196, 231, 266, 301, 336, 371, 406, 441, 476, 511, 546, 581, 616, 651, 686, 721, 756, 791, 826, 861, 896, 931, 966, 1001, 1036, 1071, 1106, 1141, 1176, 1211, 1246, 1281, 1316, 1351, 1386, 1421, 1456, 1491, 1526, 1561, 1596, 1631, 1666, 1701, 1736, 1771, 1806, 1841, 1876, 1911, 1946, 1981]
1106274528503453153 [22, 57, 92, 127, 162, 197, 232, 267, 302, 337, 372, 407, 442, 477, 512, 547, 582, 617, 652, 687, 722, 757, 792, 827, 862, 897, 932, 967, 1002, 1037, 1072, 1107, 1142, 1177, 1212, 1247, 1282, 1317, 1352, 1387, 1422, 1457, 1492, 1527, 1562, 1597, 1632, 1667, 1702, 1737, 1772, 1807, 1842, 1877, 1912, 1947, 1982]
-7888206241984404913 [23, 58, 93, 128, 163, 198, 233, 268, 303, 338, 373, 408, 443, 478, 513, 548, 583, 618, 653, 688, 723, 758, 793, 828, 863, 898, 933, 968, 1003, 1038, 1073, 1108, 1143, 1178, 1213, 1248, 1283, 1318, 1353, 1388, 1423, 1458, 1493, 1528, 1563, 1598, 1633, 1668, 1703, 1738, 1773, 1808, 1843, 1878, 1913, 1948, 1983]
-1775552322635961900 [24, 59, 94, 129, 164, 199, 234, 269, 304, 339, 374, 409, 444, 479, 514, 549, 584, 619, 654, 689, 724, 759, 794, 829, 864, 899, 934, 969, 1004, 1039, 1074, 1109, 1144, 1179, 1214, 1249, 1284, 1319, 1354, 1389, 1424, 1459, 1494, 1529, 1564, 1599, 1634, 1669, 1704, 1739, 1774, 1809, 1844, 1879, 1914, 1949, 1984]
-7383159965153929276 [25, 60, 95, 130, 165, 200, 235, 270, 305, 340, 375, 410, 445, 480, 515, 550, 585, 620, 655, 690, 725, 760, 795, 830, 865, 900, 935, 970, 1005, 1040, 1075, 1110, 1145, 1180, 1215, 1250, 1285, 1320, 1355, 1390, 1425, 1460, 1495, 1530, 1565, 1600, 1635, 1670, 1705, 1740, 1775, 1810, 1845, 1880, 1915, 1950, 1985]
8845575576605398890 [26, 61, 96, 131, 166, 201, 236, 271, 306, 341, 376, 411, 446, 481, 516, 551, 586, 621, 656, 691, 726, 761, 796, 831, 866, 901, 936, 971, 1006, 1041, 1076, 1111, 1146, 1181, 1216, 1251, 1286, 1321, 1356, 1391, 1426, 1461, 1496, 1531, 1566, 1601, 1636, 1671, 1706, 1741, 1776, 1811, 1846, 1881, 1916, 1951, 1986]
-7567581390827026304 [27, 62, 97, 132, 167, 202, 237, 272, 307, 342, 377, 412, 447, 482, 517, 552, 587, 622, 657, 692, 727, 762, 797, 832, 867, 902, 937, 972, 1007, 1042, 1077, 1112, 1147, 1182, 1217, 1252, 1287, 1322, 1357, 1392, 1427, 1462, 1497, 1532, 1567, 1602, 1637, 1672, 1707, 1742, 1777, 1812, 1847, 1882, 1917, 1952, 1987]
6678175818424950936 [28, 63, 98, 133, 168, 203, 238, 273, 308, 343, 378, 413, 448, 483, 518, 553, 588, 623, 658, 693, 728, 763, 798, 833, 868, 903, 938, 973, 1008, 1043, 1078, 1113, 1148, 1183, 1218, 1253, 1288, 1323, 1358, 1393, 1428, 1463, 1498, 1533, 1568, 1603, 1638, 1673, 1708, 1743, 1778, 1813, 1848, 1883, 1918, 1953, 1988]
5857918505882007891 [29, 64, 99, 134, 169, 204, 239, 274, 309, 344, 379, 414, 449, 484, 519, 554, 589, 624, 659, 694, 729, 764, 799, 834, 869, 904, 939, 974, 1009, 1044, 1079, 1114, 1149, 1184, 1219, 1254, 1289, 1324, 1359, 1394, 1429, 1464, 1499, 1534, 1569, 1604, 1639, 1674, 1709, 1744, 1779, 1814, 1849, 1884, 1919, 1954, 1989]
2284804918610497868 [30, 65, 100, 135, 170, 205, 240, 275, 310, 345, 380, 415, 450, 485, 520, 555, 590, 625, 660, 695, 730, 765, 800, 835, 870, 905, 940, 975, 1010, 1045, 1080, 1115, 1150, 1185, 1220, 1255, 1290, 1325, 1360, 1395, 1430, 1465, 1500, 1535, 1570, 1605, 1640, 1675, 1710, 1745, 1780, 1815, 1850, 1885, 1920, 1955, 1990]
4810658857542221813 [31, 66, 101, 136, 171, 206, 241, 276, 311, 346, 381, 416, 451, 486, 521, 556, 591, 626, 661, 696, 731, 766, 801, 836, 871, 906, 941, 976, 1011, 1046, 1081, 1116, 1151, 1186, 1221, 1256, 1291, 1326, 1361, 1396, 1431, 1466, 1501, 1536, 1571, 1606, 1641, 1676, 1711, 1746, 1781, 1816, 1851, 1886, 1921, 1956, 1991]
2153783702232447841 [32, 67, 102, 137, 172, 207, 242, 277, 312, 347, 382, 417, 452, 487, 522, 557, 592, 627, 662, 697, 732, 767, 802, 837, 872, 907, 942, 977, 1012, 1047, 1082, 1117, 1152, 1187, 1222, 1257, 1292, 1327, 1362, 1397, 1432, 1467, 1502, 1537, 1572, 1607, 1642, 1677, 1712, 1747, 1782, 1817, 1852, 1887, 1922, 1957, 1992]
5069244110595144217 [33, 68, 103, 138, 173, 208, 243, 278, 313, 348, 383, 418, 453, 488, 523, 558, 593, 628, 663, 698, 733, 768, 803, 838, 873, 908, 943, 978, 1013, 1048, 1083, 1118, 1153, 1188, 1223, 1258, 1293, 1328, 1363, 1398, 1433, 1468, 1503, 1538, 1573, 1608, 1643, 1678, 1713, 1748, 1783, 1818, 1853, 1888, 1923, 1958, 1993]
-4217902682969913204 [34, 69, 104, 139, 174, 209, 244, 279, 314, 349, 384, 419, 454, 489, 524, 559, 594, 629, 664, 699, 734, 769, 804, 839, 874, 909, 944, 979, 1014, 1049, 1084, 1119, 1154, 1189, 1224, 1259, 1294, 1329, 1364, 1399, 1434, 1469, 1504, 1539, 1574, 1609, 1644, 1679, 1714, 1749, 1784, 1819, 1854, 1889, 1924, 1959, 1994]
-244505368305710571 [35, 70, 105, 140, 175, 210, 245, 280, 315, 350, 385, 420, 455, 490, 525, 560, 595, 630, 665, 700, 735, 770, 805, 840, 875, 910, 945, 980, 1015, 1050, 1085, 1120, 1155, 1190, 1225, 1260, 1295, 1330, 1365, 1400, 1435, 1470, 1505, 1540, 1575, 1610, 1645, 1680, 1715, 1750, 1785, 1820, 1855, 1890, 1925, 1960, 1995]
-555330877952164025 [36, 71, 106, 141, 176, 211, 246, 281, 316, 351, 386, 421, 456, 491, 526, 561, 596, 631, 666, 701, 736, 771, 806, 841, 876, 911, 946, 981, 1016, 1051, 1086, 1121, 1156, 1191, 1226, 1261, 1296, 1331, 1366, 1401, 1436, 1471, 1506, 1541, 1576, 1611, 1646, 1681, 1716, 1751, 1786, 1821, 1856, 1891, 1926, 1961, 1996]
-4998263486996697396 [37, 72, 107, 142, 177, 212, 247, 282, 317, 352, 387, 422, 457, 492, 527, 562, 597, 632, 667, 702, 737, 772, 807, 842, 877, 912, 947, 982, 1017, 1052, 1087, 1122, 1157, 1192, 1227, 1262, 1297, 1332, 1367, 1402, 1437, 1472, 1507, 1542, 1577, 1612, 1647, 1682, 1717, 1752, 1787, 1822, 1857, 1892, 1927, 1962, 1997]
-4566038700250148164 [38, 73, 108, 143, 178, 213, 248, 283, 318, 353, 388, 423, 458, 493, 528, 563, 598, 633, 668, 703, 738, 773, 808, 843, 878, 913, 948, 983, 1018, 1053, 1088, 1123, 1158, 1193, 1228, 1263, 1298, 1333, 1368, 1403, 1438, 1473, 1508, 1543, 1578, 1613, 1648, 1683, 1718, 1753, 1788, 1823, 1858, 1893, 1928, 1963, 1998]
-785658725613424865 [39, 74, 109, 144, 179, 214, 249, 284, 319, 354, 389, 424, 459, 494, 529, 564, 599, 634, 669, 704, 739, 774, 809, 844, 879, 914, 949, 984, 1019, 1054, 1089, 1124, 1159, 1194, 1229, 1264, 1299, 1334, 1369, 1404, 1439, 1474, 1509, 1544, 1579, 1614, 1649, 1684, 1719, 1754, 1789, 1824, 1859, 1894, 1929, 1964, 1999]
1377569845632679828 [40, 75, 110, 145, 180, 215, 250, 285, 320, 355, 390, 425, 460, 495, 530, 565, 600, 635, 670, 705, 740, 775, 810, 845, 880, 915, 950, 985, 1020, 1055, 1090, 1125, 1160, 1195, 1230, 1265, 1300, 1335, 1370, 1405, 1440, 1475, 1510, 1545, 1580, 1615, 1650, 1685, 1720, 1755, 1790, 1825, 1860, 1895, 1930, 1965]
-5398364857770413217 [41, 76, 111, 146, 181, 216, 251, 286, 321, 356, 391, 426, 461, 496, 531, 566, 601, 636, 671, 706, 741, 776, 811, 846, 881, 916, 951, 986, 1021, 1056, 1091, 1126, 1161, 1196, 1231, 1266, 1301, 1336, 1371, 1406, 1441, 1476, 1511, 1546, 1581, 1616, 1651, 1686, 1721, 1756, 1791, 1826, 1861, 1896, 1931, 1966]
-114013331010589314 [42, 77, 112, 147, 182, 217, 252, 287, 322, 357, 392, 427, 462, 497, 532, 567, 602, 637, 672, 707, 742, 777, 812, 847, 882, 917, 952, 987, 1022, 1057, 1092, 1127, 1162, 1197, 1232, 1267, 1302, 1337, 1372, 1407, 1442, 1477, 1512, 1547, 1582, 1617, 1652, 1687, 1722, 1757, 1792, 1827, 1862, 1897, 1932, 1967]
-673664797848122194 [43, 78, 113, 148, 183, 218, 253, 288, 323, 358, 393, 428, 463, 498, 533, 568, 603, 638, 673, 708, 743, 778, 813, 848, 883, 918, 953, 988, 1023, 1058, 1093, 1128, 1163, 1198, 1233, 1268, 1303, 1338, 1373, 1408, 1443, 1478, 1513, 1548, 1583, 1618, 1653, 1688, 1723, 1758, 1793, 1828, 1863, 1898, 1933, 1968]
-8994337197449969039 [44, 79, 114, 149, 184, 219, 254, 289, 324, 359, 394, 429, 464, 499, 534, 569, 604, 639, 674, 709, 744, 779, 814, 849, 884, 919, 954, 989, 1024, 1059, 1094, 1129, 1164, 1199, 1234, 1269, 1304, 1339, 1374, 1409, 1444, 1479, 1514, 1549, 1584, 1619, 1654, 1689, 1724, 1759, 1794, 1829, 1864, 1899, 1934, 1969]
-5579500085420082342 [45, 80, 115, 150, 185, 220, 255, 290, 325, 360, 395, 430, 465, 500, 535, 570, 605, 640, 675, 710, 745, 780, 815, 850, 885, 920, 955, 990, 1025, 1060, 1095, 1130, 1165, 1200, 1235, 1270, 1305, 1340, 1375, 1410, 1445, 1480, 1515, 1550, 1585, 1620, 1655, 1690, 1725, 1760, 1795, 1830, 1865, 1900, 1935, 1970]
-8411607994399180566 [46, 81, 116, 151, 186, 221, 256, 291, 326, 361, 396, 431, 466, 501, 536, 571, 606, 641, 676, 711, 746, 781, 816, 851, 886, 921, 956, 991, 1026, 1061, 1096, 1131, 1166, 1201, 1236, 1271, 1306, 1341, 1376, 1411, 1446, 1481, 1516, 1551, 1586, 1621, 1656, 1691, 1726, 1761, 1796, 1831, 1866, 1901, 1936, 1971]
4599275812274794241 [47, 82, 117, 152, 187, 222, 257, 292, 327, 362, 397, 432, 467, 502, 537, 572, 607, 642, 677, 712, 747, 782, 817, 852, 887, 922, 957, 992, 1027, 1062, 1097, 1132, 1167, 1202, 1237, 1272, 1307, 1342, 1377, 1412, 1447, 1482, 1517, 1552, 1587, 1622, 1657, 1692, 1727, 1762, 1797, 1832, 1867, 1902, 1937, 1972]
2056717200949513184 [48, 83, 118, 153, 188, 223, 258, 293, 328, 363, 398, 433, 468, 503, 538, 573, 608, 643, 678, 713, 748, 783, 818, 853, 888, 923, 958, 993, 1028, 1063, 1098, 1133, 1168, 1203, 1238, 1273, 1308, 1343, 1378, 1413, 1448, 1483, 1518, 1553, 1588, 1623, 1658, 1693, 1728, 1763, 1798, 1833, 1868, 1903, 1938, 1973]
-4585195588881985437 [1931, 1966]
1850286533455104578 [1932, 1967]
-2658524463539605919 [1933, 1968]
3539983700915736911 [1934, 1969]
1357947276441933758 [1935, 1970]
5423638451527739539 [1936, 1971]
-6127430150258687528 [1937, 1972]
-8139563730690896148 [1938, 1973]
-1353583009408981134 [1939, 1974]
-3446382138654929307 [1940, 1975]
3103526619787161288 [1941, 1976]
-2273721778140841977 [1942, 1977]
1721750857079820860 [1943, 1978]
5602694154238694303 [1944, 1979]
277226803946863858 [1945, 1980]
-4220845576067834279 [1946, 1981]
116791063941167732 [1947, 1982]
6462473189603050740 [1948, 1983]
-9122542959795852156 [1949, 1984]
-19428908235672712 [1950, 1985]
3893722361817586146 [1951, 1986]
-5768660651972544912 [1952, 1987]
492622660784266204 [1953, 1988]
8956603832554953500 [1954, 1989]
3445718717382183278 [1955, 1990]
125520199705162940 [1956, 1991]
7182117612996596054 [1957, 1992]
5633519485490112723 [1958, 1993]
-1745065902894237210 [1959, 1994]
-8179553184145358916 [1960, 1995]
-146093258320444459 [1961, 1996]
-7022968582432860202 [1962, 1997]
2851212123390850485 [1963, 1998]
1985925009208903536 [1964, 1999]
